time	%user	%sys	%wio	%idle	%peak	%aver
0:05	14.871	4.29032	0	80.8065	37	19.1935
0:10	10.8387	3.29032	0	85.871	36	14.129
0:15	10.6774	3.32258	0	85.7742	35	14.2258
0:20	12.9032	4.03226	0	83	39	17
0:25	10.9677	3.22581	0	85.7419	40	14.2581
0:30	11.8065	3.45161	0	84.6774	41	15.3226
0:35	12.2903	3.74194	0	83.8065	42	16.1935
0:40	11.0968	3.32258	0	85.5484	37	14.4516
0:45	10.9677	3.25806	0	85.7419	36	14.2581
0:50	14.2333	4.16667	0	81.6333	38	18.3667
0:55	11.4667	3.5	0	84.9	36	15.1
1:00	10.5806	3.32258	0	82.6452	100	17.3548
1:05	11.4839	3.87097	0	84.6452	37	15.3548
1:10	8.93548	3.58065	0	87.4839	38	12.5161
1:15	8.48387	3.16129	0	88.4516	41	11.5484
1:20	7.12903	2.58065	0	90.3226	27	9.67742
1:25	7.25806	2.35484	0	90.3871	26	9.6129
1:30	7.51613	2.54839	0	89.9032	48	10.0968
1:35	6.90323	2.25806	0	90.871	34	9.12903
1:40	6.45161	2.22581	0	91.4194	38	8.58065
1:45	6.16129	2.12903	0	91.4516	28	8.54839
1:50	5.96774	2.25806	0	91.6452	42	8.35484
1:55	7.64516	2.35484	0	89.871	33	10.129
2:00	6.64516	2.06452	0	91.2903	26	8.70968
2:05	9.19355	2.48387	0	88.3226	32	11.6774
2:10	9.22581	2.35484	0	88.4194	23	11.5806
2:15	8.80645	2.3871	0	88.8065	38	11.1935
2:20	9.45161	2.64516	0	88	39	12
2:25	8.6129	2.41935	0	89.0323	29	10.9677
2:30	8.83871	2.74194	0	88.3871	33	11.6129
2:35	8.64516	2.70968	0	88.6129	23	11.3871
2:40	8.29032	2.48387	0	89.129	26	10.871
2:45	7.6129	2.03226	0	90.2903	23	9.70968
2:50	8	2.12903	0	90.0323	23	9.96774
2:55	7.70968	2.12903	0	90.2581	25	9.74194
3:00	7.51613	1.83871	0	90.6774	20	9.32258
3:05	7.74194	2.25806	0	89.9032	24	10.0968
3:10	8.19355	2.35484	0	89.5806	26	10.4194
3:15	8.74194	2.51613	0	88.8387	27	11.1613
3:20	8.70968	2.51613	0	88.871	21	11.129
3:25	9.48387	2.51613	0	88.1613	23	11.8387
3:30	8.70968	2.29032	0	89.129	24	10.871
3:35	7.54839	1.93548	0	90.4194	27	9.58065
3:40	6.06452	1.64516	0	92.3871	25	7.6129
3:45	4.48387	1.3871	0	94	27	6
3:50	4.93548	1.58065	0	93.3871	32	6.6129
3:55	4.3871	1.58065	0	93.8065	32	6.19355
4:00	4.19355	1.3871	0	94.3871	33	5.6129
4:05	3.83871	1.35484	0	94.7419	32	5.25806
4:10	3.48387	1.3871	0	95.0323	24	4.96774
4:15	3.87097	1.3871	0	94.5484	24	5.45161
4:20	4.6129	1.67742	0	93.9355	23	6.06452
4:25	4.12903	1.70968	0	94.3226	21	5.67742
4:30	3.90323	1.64516	0	94.5161	22	5.48387
4:35	3.16129	1.19355	0	95.4839	16	4.51613
4:40	2.93548	0.935484	0	96.0323	22	3.96774
4:45	3.29032	1	0	95.6129	44	4.3871
4:50	2.64516	0.870968	0	96.3548	25	3.64516
4:55	2.25806	0.967742	0	96.5484	15	3.45161
5:00	13.5478	3.75768	0	82.7116	47	17.2884
5:05	8.29032	2.12903	0	89.7742	21	10.2258
5:10	7.67742	2.19355	0	90.2581	21	9.74194
5:15	7.54839	2.09677	0	90.5161	21	9.48387
5:20	7.32258	2.09677	0	90.7742	21	9.22581
5:25	6.58065	1.74194	0	91.7419	22	8.25806
5:30	6.54839	1.77419	0	91.6774	22	8.32258
5:35	7.22581	2.03226	0	90.8065	25	9.19355
5:40	6.29032	1.70968	0	92.0968	23	7.90323
5:45	6.41935	1.93548	0	91.8065	27	8.19355
5:50	8.3871	2.25806	0	89.4839	14	10.5161
5:55	8.90323	2.32258	0	88.871	15	11.129
6:00	8.83871	2.3871	0	88.9677	17	11.0323
6:05	12.2258	3.16129	0	84.4839	22	15.5161
6:10	15.3226	3.87097	0	80.9677	31	19.0323
6:15	13.6452	3.70968	0	82.7097	32	17.2903
6:20	15.1935	3.74194	0	81	32	19
6:25	16.6129	4.19355	0	79.2258	33	20.7742
6:30	14.4194	3.70968	0	81.7419	35	18.2581
6:35	10.9677	3	0	85.9677	32	14.0323
6:40	9.74194	2.70968	0	87.5161	29	12.4839
6:45	10.1935	2.70968	0	87.0323	27	12.9677
6:50	9.83871	2.67742	0	87.4839	32	12.5161
6:55	9.90323	2.58065	0	87.5161	28	12.4839
7:00	9.6129	2.54839	0	87.8387	25	12.1613
7:05	18.4516	4.90323	0	76.6774	37	23.3226
7:10	19.3871	4.93548	0	75.6129	44	24.3871
7:15	20	5.16129	0	74.8387	40	25.1613
7:20	19.7742	5	0	75.2258	39	24.7742
7:25	20.8065	5.35484	0	73.8065	45	26.1935
7:30	20.3871	5.48387	0	74.1935	42	25.8065
7:35	20.129	5.77419	0	73.9355	43	26.0645
7:40	20.9032	5.70968	0	73.4516	55	26.5484
7:45	20.0323	5.32258	0	74.5806	41	25.4194
7:50	19.3548	5.22581	0	75.4194	48	24.5806
7:55	19.8065	5.22581	0	75.0323	55	24.9677
8:00	18.3548	5.32258	0	76.3548	57	23.6452
8:05	18.7742	5.19355	0	76.0645	39	23.9355
8:10	17.9355	4.70968	0	77.2903	41	22.7097
8:15	17.3548	4.67742	0	77.8387	36	22.1613
8:20	17.4516	4.93548	0	77.5161	39	22.4839
8:25	17.4194	4.58065	0	78.129	37	21.871
8:30	17.7742	4.51613	0	77.5806	37	22.4194
8:35	17.7742	4.93548	0	77.2903	44	22.7097
8:40	17.0968	4.64516	0	78.4516	39	21.5484
8:45	14.7419	3.96774	0	81.3226	40	18.6774
8:50	14.7419	4.19355	0	81.1613	46	18.8387
8:55	13.8065	3.74194	0	82.6774	39	17.3226
9:00	12.8065	3.41935	0	83.871	46	16.129
9:05	15.3226	4.03226	0	80.6129	35	19.3871
9:10	15.3548	4.03226	0	80.6129	35	19.3871
9:15	15.4516	4.12903	0	80.3548	37	19.6452
9:20	16.5161	4.41935	0	79.0645	35	20.9355
9:25	16.9355	4.48387	0	78.6129	39	21.3871
9:30	16.9677	4.45161	0	78.5484	39	21.4516
9:35	18.129	4.80645	0	76.9677	37	23.0323
9:40	19.4516	5.03226	0	75.7097	41	24.2903
9:45	20.6452	5.22581	0	74.0968	47	25.9032
9:50	20.2903	5.35484	0	74.2903	48	25.7097
9:55	21.0323	5.25806	0	73.7419	47	26.2581
10:00	14.0592	3.84095	0	82.1151	47	17.8849
10:05	22.1613	5.32258	0	72.4516	47	27.5484
10:10	24.0968	5.83871	0	70.1613	52	29.8387
10:15	25.5484	6.09677	0	68.2903	52	31.7097
10:20	24.129	5.93548	0	70.0645	50	29.9355
10:25	22.2903	5.70968	0	71.871	46	28.129
10:30	21.7742	5.58065	0	72.7419	53	27.2581
10:35	22.6774	6	0	71.4516	48	28.5484
10:40	22.2581	5.67742	0	71.9032	47	28.0968
10:45	22.2903	5.54839	0	72.2581	51	27.7419
10:50	21.4194	5.54839	0	73.0323	52	26.9677
10:55	21	5.48387	0	73.5806	53	26.4194
11:00	18.6452	4.93548	0	76.3226	42	23.6774
11:05	19.8065	5.22581	0	74.871	52	25.129
11:10	20.6452	5.48387	0	73.9032	46	26.0968
11:15	19.9355	5.48387	0	74.6129	40	25.3871
11:20	20.1613	5.64516	0	74.0645	50	25.9355
11:25	20.0968	5.41935	0	74.6129	50	25.3871
11:30	19.9032	5.45161	0	74.7097	58	25.2903
11:35	19.4839	5.22581	0	75.3548	58	24.6452
11:40	19.5484	5.22581	0	75.2258	51	24.7742
11:45	18.3548	4.80645	0	76.8065	46	23.1935
11:50	18.9032	4.93548	0	76.1613	49	23.8387
11:55	17.5806	4.6129	0	77.9032	42	22.0968
12:00	15.8065	4.19355	0	80.0645	33	19.9355
12:05	14.9355	3.96774	0	81.0645	33	18.9355
12:10	15.0645	4.12903	0	80.7097	43	19.2903
12:15	17.5484	4.70968	0	77.8065	48	22.1935
12:20	15	4.19355	0	80.8065	41	19.1935
12:25	15.9355	4.41935	0	79.7419	37	20.2581
12:30	15.9677	4.41935	0	79.5806	41	20.4194
12:35	19.0323	5.06452	0	75.9677	46	24.0323
12:40	19.6774	5.03226	0	75.3226	44	24.6774
12:45	19.1613	4.93548	0	75.871	46	24.129
12:50	18.5484	4.90323	0	76.5484	44	23.4516
12:55	18.7742	5	0	76.3871	41	23.6129
13:00	18.3871	5.06452	0	76.5484	36	23.4516
13:05	18.6452	5.32258	0	76.0645	36	23.9355
13:10	18.6452	5.22581	0	76.0968	34	23.9032
13:15	18.5161	5.29032	0	76.3226	35	23.6774
13:20	18.3226	5.25806	0	76.4839	37	23.5161
13:25	18.5161	5.41935	0	75.871	38	24.129
13:30	19.2258	5.74194	0	75.129	41	24.871
13:35	17.4516	5.35484	0	77.2258	40	22.7742
13:40	16.3226	5.06452	0	78.7419	34	21.2581
13:45	16.7742	5.06452	0	78.129	34	21.871
13:50	17.7419	5.25806	0	76.9355	39	23.0645
13:55	18.3226	5.45161	0	76.2258	43	23.7742
14:00	18.6129	5.51613	0	75.9677	39	24.0323
14:05	19.5161	5.80645	0	74.7419	46	25.2581
14:10	17.6129	5.12903	0	77.0968	37	22.9032
14:15	17.129	5.19355	0	77.6129	36	22.3871
14:20	17.2258	5.09677	0	77.7097	39	22.2903
14:25	18.129	5.51613	0	76.2903	36	23.7097
14:30	18.0645	5.6129	0	76.4194	38	23.5806
14:35	17.6774	5.48387	0	76.9032	41	23.0968
14:40	17.5161	5.09677	0	77.3548	42	22.6452
14:45	17.0645	5	0	78	46	22
14:50	16.4839	4.87097	0	78.6774	39	21.3226
14:55	16.1613	4.67742	0	79.1935	48	20.8065
15:00	14.0104	3.90451	0	82.1024	47	17.8976
15:05	15.129	4.54839	0	80.4194	35	19.5806
15:10	14.6452	4.25806	0	81.0323	31	18.9677
15:15	14.4839	4.32258	0	81.2581	31	18.7419
15:20	15.871	4.48387	0	79.6774	37	20.3226
15:25	15.4839	4.6129	0	80	37	20
15:30	15.2581	4.51613	0	80.1935	32	19.8065
15:35	14.7419	4.35484	0	80.9032	38	19.0968
15:40	14.7419	4.12903	0	81.1935	33	18.8065
15:45	14.4839	4.06452	0	81.4516	31	18.5484
15:50	15.5484	4.03226	0	80.3226	37	19.6774
15:55	16.129	4.32258	0	79.6452	38	20.3548
16:00	14.2581	3.93548	0	81.871	37	18.129
16:05	14.1613	3.90323	0	81.9677	37	18.0323
16:10	15.6129	4.29032	0	80.129	40	19.871
16:15	15.2903	4.45161	0	80.3871	41	19.6129
16:20	14.6129	4.19355	0	81.2258	32	18.7742
16:25	13.5161	3.74194	0	82.6452	37	17.3548
16:30	13.3226	3.67742	0	82.9355	39	17.0645
16:35	14.4516	4.22581	0	81.3226	41	18.6774
16:40	14.3548	3.93548	0	81.6774	36	18.3226
16:45	13.5806	3.80645	0	82.5484	39	17.4516
16:50	13.5806	3.64516	0	82.8065	48	17.1935
16:55	12.4839	3.41935	0	84.1613	43	15.8387
17:00	12.2903	3.32258	0	84.4516	34	15.5484
17:05	15.5161	3.90323	0	80.6452	31	19.3548
17:10	14.3871	3.67742	0	82	30	18
17:15	13.5806	3.64516	0	82.8387	28	17.1613
17:20	11.5161	3.16129	0	85.2258	27	14.7742
17:25	11.5806	3.35484	0	85.1613	28	14.8387
17:30	9.58065	2.77419	0	87.5484	25	12.4516
17:35	8.96774	2.67742	0	88.5161	24	11.4839
17:40	10.3871	2.80645	0	86.871	24	13.129
17:45	10.7742	2.90323	0	86.2258	25	13.7742
17:50	18.1613	3.74194	0	78.129	40	21.871
17:55	8.48387	2.6129	0	88.9355	26	11.0645
18:00	6.90323	2.12903	0	91.2258	28	8.77419
18:05	7.45161	2.25806	0	90.3871	31	9.6129
18:10	7.64516	2.35484	0	90.0323	31	9.96774
18:15	8.64516	2.67742	0	88.6452	25	11.3548
18:20	8.67742	2.45161	0	89.0645	26	10.9355
18:25	9.29032	2.6129	0	88.2258	27	11.7742
18:30	9.51613	2.54839	0	88	26	12
18:35	11.1935	2.80645	0	85.9355	26	14.0645
18:40	10.871	2.74194	0	86.4516	39	13.5484
18:45	11.7742	2.90323	0	85.2581	34	14.7419
18:50	12.5484	3.03226	0	84.3871	38	15.6129
18:55	12.6452	3.16129	0	84.129	33	15.871
19:00	13.1613	3.54839	0	83.2581	34	16.7419
19:05	13.3548	3.96774	0	82.9355	30	17.0645
19:10	12.2258	3.54839	0	84.1613	30	15.8387
19:15	11.9355	3.54839	0	84.4839	31	15.5161
19:20	12.9677	3.64516	0	83.4194	36	16.5806
19:25	13.6452	3.70968	0	82.5484	31	17.4516
19:30	14.1935	3.77419	0	82.0968	42	17.9032
19:35	12.7742	3.54839	0	83.6129	41	16.3871
19:40	12.0968	3.45161	0	84.6452	31	15.3548
19:45	11.1613	3.19355	0	85.5161	36	14.4839
19:50	10.6452	2.83871	0	86.4516	26	13.5484
19:55	9.87097	2.6129	0	87.4516	28	12.5484
20:00	13.3842	3.70134	0	82.9413	50	17.0587
20:05	21.0968	4.96774	0	74.0323	41	25.9677
20:10	21.3226	5	0	73.8387	40	26.1613
20:15	23.3226	5.58065	0	71.2903	41	28.7097
20:20	14.7419	3.74194	0	81.6129	34	18.3871
20:25	13.129	3.51613	0	83.5161	31	16.4839
20:30	11.4516	3.16129	0	85.4194	28	14.5806
20:35	10.0645	2.93548	0	87.0645	28	12.9355
20:40	11.1935	3.35484	0	85.4516	30	14.5484
20:45	12.0645	3.35484	0	84.5806	46	15.4194
20:50	11.4839	3.3871	0	85.1613	36	14.8387
20:55	11.0968	3.29032	0	85.6774	32	14.3226
21:00	9.90323	2.87097	0	87.2581	32	12.7419
21:05	14.4194	4.48387	0	81.1613	36	18.8387
21:10	13.9355	4.06452	0	82	35	18
21:15	12.5484	3.48387	0	84.0645	32	15.9355
21:20	13.5161	3.67742	0	82.7742	35	17.2258
21:25	13.1613	3.6129	0	83.1613	34	16.8387
21:30	12.0645	3.48387	0	84.3871	40	15.6129
21:35	12.7742	3.67742	0	83.6129	35	16.3871
21:40	12.129	3.51613	0	84.4516	40	15.5484
21:45	11.2903	3.09677	0	85.5484	29	14.4516
21:50	11.1935	3.09677	0	85.7097	31	14.2903
21:55	11.5484	3.06452	0	85.3548	31	14.6452
22:00	12.1935	3.22581	0	84.7742	33	15.2258
22:05	12.6452	3.51613	0	83.9355	28	16.0645
22:10	12.5806	3.35484	0	84	35	16
22:15	12.7419	3.3871	0	84.0645	37	15.9355
22:20	12.3548	3.29032	0	84.3226	26	15.6774
22:25	12.1613	3.16129	0	84.8065	32	15.1935
22:30	11.3548	3.16129	0	85.5484	27	14.4516
22:35	11.4194	3	0	85.6452	29	14.3548
22:40	10.3871	2.83871	0	86.871	28	13.129
22:45	10.6129	3	0	86.4839	43	13.5161
22:50	11.6452	3.16129	0	85.1935	55	14.8065
22:55	10.8065	2.90323	0	86.1935	36	13.8065
23:00	10.7742	2.90323	0	86.3226	52	13.6774
23:05	15.9677	3.70968	0	80.3548	47	19.6452
23:10	12.8387	3.58065	0	83.5161	47	16.4839
23:15	11.129	3.19355	0	85.6129	37	14.3871
23:20	10.6774	2.83871	0	86.6129	31	13.3871
23:25	11.129	2.93548	0	85.9355	31	14.0645
23:30	10.2581	2.64516	0	86.9677	31	13.0323
23:35	9.25806	2.54839	0	88.2581	29	11.7419
23:40	9.83871	2.64516	0	87.5806	34	12.4194
23:45	10.6774	2.80645	0	86.4839	38	13.5161
23:50	11.4516	3.06452	0	85.3548	35	14.6452
23:55	11.8065	3.29032	0	85	39	15
