time	1-Dec-11	2-Dec-11	3-Dec-11	4-Dec-11	5-Dec-11	6-Dec-11	7-Dec-11	8-Dec-11	9-Dec-11	10-Dec-11	11-Dec-11	12-Dec-11	13-Dec-11	14-Dec-11	15-Dec-11	16-Dec-11	17-Dec-11	18-Dec-11	19-Dec-11	20-Dec-11	21-Dec-11	22-Dec-11	23-Dec-11	24-Dec-11	25-Dec-11	26-Dec-11	27-Dec-11	28-Dec-11	29-Dec-11	30-Dec-11	31-Dec-11
0:05	16	23	25	10	10	27	4	21	5	16	12	24	16	18	25	18	33	4	11	20	37	20	26	21	14	31	19	22	19	22	26
0:10	12	2	12	6	7	17	2	20	1	14	13	19	10	14	15	16	36	1	8	20	15	22	24	19	12	27	17	19	10	8	20
0:15	11	2	12	7	6	20	7	21	5	19	18	15	13	17	1	17	35	1	9	5	14	24	24	19	13	28	15	19	15	8	21
0:20	13	6	22	10	11	10	10	20	12	19	7	24	20	16	4	20	38	4	11	5	19	25	39	23	18	32	17	20	20	10	22
0:25	5	6	18	7	6	14	7	12	10	18	6	28	13	13	1	16	33	1	9	2	17	24	40	20	13	24	13	13	21	9	23
0:30	2	8	19	7	7	3	7	16	14	26	7	34	14	17	1	15	22	1	8	2	17	30	38	18	26	22	19	18	13	3	41
0:35	2	8	21	7	7	1	7	7	18	28	7	29	14	21	1	17	23	1	11	2	20	37	39	17	31	20	21	27	12	4	42
0:40	5	12	27	6	5	1	7	13	17	28	6	3	2	19	3	14	20	1	27	3	14	37	30	19	30	23	14	13	10	8	31
0:45	21	14	28	5	7	1	6	14	14	27	7	6	3	15	7	13	19	1	24	1	7	36	26	14	31	27	12	13	11	9	23
0:50	21	14	31	8	7	8	11	33	12	34	17	15	8	22	10	8	24	0	31	6	15	33	27	22	38	22	13	15	16	3	27
0:55	18	16	28	6	6	1	3	23	8	36	14	1	1	13	7	23	18	0	14	1	16	16	27	23	35	27	3	17	9	16	27
1:00	14	8	40	10	10	4	4	6	7	30	10	11	2	7	7	24	15	100	5	0	25	14	28	17	37	24	6	12	15	12	34
1:05	13	9	37	2	14	8	13	13	8	29	13	7	6	25	7	25	15	0	8	2	27	11	22	25	34	15	10	12	20	10	36
1:10	14	2	31	8	15	7	3	33	8	11	5	3	2	20	8	6	21	1	4	1	7	11	17	16	38	14	3	24	8	9	38
1:15	11	2	41	14	10	7	16	9	8	5	6	11	2	18	7	6	29	0	1	3	8	17	16	16	28	4	5	5	16	7	30
1:20	13	2	27	7	2	7	17	13	4	9	11	3	1	2	6	12	25	0	1	6	8	20	15	14	25	6	7	2	7	5	23
1:25	11	2	23	11	6	7	13	12	1	13	1	6	1	1	9	15	25	1	1	7	9	20	15	13	26	2	13	0	12	7	15
1:30	10	3	8	7	3	13	13	13	2	12	12	10	1	1	3	16	26	1	5	8	10	18	16	15	48	1	7	1	12	7	11
1:35	8	6	3	6	2	11	12	9	2	8	15	6	1	1	7	15	25	6	1	7	10	23	16	14	34	7	12	1	5	6	4
1:40	10	8	12	7	1	13	7	1	1	1	11	6	5	1	14	7	26	1	1	7	9	20	20	12	38	3	11	2	5	1	5
1:45	13	11	7	9	2	12	2	5	1	2	4	6	1	2	14	7	28	0	1	7	10	24	20	13	27	8	12	7	6	1	3
1:50	1	8	5	6	5	9	1	2	4	6	7	7	1	1	14	2	16	0	1	7	9	42	24	15	20	15	8	7	8	1	7
1:55	5	9	10	6	10	18	4	6	9	12	10	3	1	5	18	6	11	1	4	10	14	33	24	17	24	8	1	9	8	5	13
2:00	6	10	10	6	11	6	2	7	7	4	20	1	1	2	10	12	11	1	4	6	9	23	26	16	23	12	3	4	1	1	15
2:05	14	17	10	15	9	19	8	14	10	11	17	1	2	8	17	2	11	1	11	11	15	23	18	14	32	12	1	8	8	9	14
2:10	13	15	15	12	10	17	9	15	11	10	9	1	1	9	14	4	15	1	10	13	20	23	23	15	20	7	1	9	8	9	20
2:15	14	10	10	10	9	14	8	14	11	9	9	2	2	9	16	4	13	0	10	17	18	17	17	38	27	0	0	8	9	10	12
2:20	14	9	11	11	10	18	10	16	11	11	10	2	2	10	16	5	12	1	11	10	22	11	18	39	28	2	2	11	14	10	15
2:25	12	9	15	9	10	10	8	13	12	9	10	2	1	8	15	2	22	1	8	9	20	12	16	29	22	5	2	12	15	9	13
2:30	12	18	15	9	9	9	8	15	10	9	9	2	2	8	14	2	21	0	21	12	25	12	15	33	14	4	1	18	12	9	12
2:35	12	22	14	9	9	9	9	15	9	10	10	5	1	9	11	9	20	1	19	17	18	9	17	23	14	11	2	11	9	10	9
2:40	10	26	15	10	9	8	8	11	9	15	9	6	2	9	10	9	15	0	6	21	20	3	16	21	16	3	1	15	16	10	8
2:45	9	10	14	9	9	9	8	9	9	15	8	10	1	10	9	9	2	1	2	23	19	4	13	16	16	5	1	12	21	9	9
2:50	9	8	15	9	11	8	7	8	9	14	9	11	1	8	10	8	1	0	4	23	16	6	12	15	14	8	1	22	23	9	10
2:55	10	8	14	9	10	9	7	9	9	14	8	10	1	8	9	13	1	0	3	22	12	8	13	3	15	10	1	25	16	10	15
3:00	13	8	14	9	11	8	8	8	9	15	15	9	1	9	9	14	1	1	2	20	12	9	14	4	14	10	1	9	8	9	15
3:05	16	9	9	10	9	8	8	9	9	14	14	16	2	11	9	7	1	1	10	21	11	9	24	6	11	10	1	8	9	18	13
3:10	9	8	8	7	8	9	8	9	9	15	14	19	1	15	9	16	1	1	11	21	11	8	26	4	11	10	1	7	8	26	13
3:15	13	8	8	16	9	9	11	8	10	12	15	11	1	14	9	18	1	0	13	20	11	8	25	4	10	10	1	11	12	27	21
3:20	15	9	14	16	8	10	17	11	9	15	14	1	1	14	8	18	1	1	13	21	11	8	11	3	11	20	0	15	13	17	20
3:25	13	14	13	16	9	14	18	15	9	21	19	1	1	14	11	17	1	1	23	20	12	9	3	4	17	21	1	13	14	8	15
3:30	15	13	14	8	14	17	24	17	15	19	19	1	1	22	14	6	1	0	12	20	12	3	4	3	18	1	0	14	11	12	7
3:35	12	15	4	4	14	15	25	16	14	19	16	1	1	27	14	2	2	1	14	20	13	3	3	4	14	1	1	1	1	13	7
3:40	11	6	1	1	15	14	25	10	14	4	2	1	1	25	14	1	1	0	14	21	13	3	3	3	9	1	1	1	1	14	6
3:45	10	3	1	1	5	1	16	11	3	1	1	1	1	25	2	1	1	1	21	27	16	3	3	3	10	0	0	1	0	11	6
3:50	11	6	2	1	18	1	4	9	1	1	2	1	1	32	8	3	1	1	19	26	16	4	4	4	9	1	1	6	4	1	7
3:55	12	6	5	4	15	1	1	9	1	1	1	1	1	32	4	1	1	1	14	26	16	3	3	3	9	1	1	6	7	1	5
4:00	19	6	10	4	1	1	1	15	1	2	1	1	1	33	1	1	1	1	14	13	8	3	3	4	6	1	1	7	8	1	5
4:05	3	7	13	1	2	1	1	22	1	2	3	2	2	32	2	1	1	1	11	12	4	4	3	4	4	1	1	8	12	1	1
4:10	4	7	12	1	2	3	2	23	2	5	4	3	1	24	3	1	1	1	10	13	3	4	3	3	4	1	1	6	6	1	0
4:15	4	6	10	1	4	6	5	10	1	1	2	6	1	18	6	1	3	1	24	12	4	8	3	8	3	1	1	12	5	1	1
4:20	2	7	11	3	8	2	5	2	1	2	6	8	3	19	2	1	8	0	23	13	6	5	3	10	6	2	2	17	8	1	2
4:25	3	7	21	2	3	3	2	3	2	3	4	7	2	20	2	1	8	1	7	12	7	5	3	10	4	5	3	16	7	1	2
4:30	6	8	22	2	2	1	2	1	5	1	1	7	2	18	2	1	7	0	4	6	8	4	5	10	4	7	1	10	5	2	16
4:35	6	1	15	1	1	1	1	1	1	1	1	6	1	16	1	1	7	1	3	8	3	3	8	9	3	6	1	11	1	5	16
4:40	6	1	1	1	2	1	1	1	1	1	1	5	1	22	2	1	6	0	5	6	4	4	9	9	3	7	1	13	1	6	1
4:45	6	1	1	1	1	1	1	1	1	2	1	6	1	44	1	1	6	0	1	9	3	3	9	9	4	6	0	8	1	7	0
4:50	1	1	1	1	6	1	1	1	1	4	1	6	1	25	1	1	7	1	2	5	4	4	8	8	3	7	1	1	1	7	1
4:55	1	1	1	1	15	1	1	1	1	10	1	6	1	11	1	1	6	0	2	2	3	3	8	9	4	6	1	1	1	6	1
5:00	1	1	1	1	14	1	1	1	1	2	1	1	1	11	1	3	4	1	3	1	3	3	9	9	4	6	1	4	0	6	2
5:05	12	2	12	2	4	2	3	2	2	17	12	12	11	21	3	13	18	1	12	10	5	14	15	20	14	18	11	11	11	15	12
5:10	14	1	10	2	2	2	1	2	1	11	10	10	11	21	1	14	16	1	12	10	4	12	18	18	19	15	9	10	10	15	20
5:15	20	2	10	1	3	2	2	1	1	11	11	10	11	21	1	11	16	1	11	10	4	13	17	18	13	11	10	12	10	13	17
5:20	10	2	11	2	2	1	2	2	1	11	10	11	11	21	2	13	16	0	10	10	4	13	17	13	16	10	10	10	14	15	16
5:25	9	2	9	1	1	1	1	1	3	11	9	9	9	22	1	11	16	1	10	9	4	80	16	13	12	9	9	9	8	15	13
5:30	15	3	9	1	2	1	1	1	2	10	10	10	10	22	2	10	14	0	9	8	4	12	14	12	11	10	9	10	9	14	13
5:35	13	6	10	3	3	3	2	4	1	11	11	11	11	25	2	10	11	1	11	10	5	13	12	15	13	10	10	10	10	15	13
5:40	23	2	9	1	2	1	1	2	1	10	10	9	9	13	1	10	9	1	9	9	4	12	11	14	11	10	9	9	8	12	13
5:45	27	1	10	2	2	1	1	3	1	10	10	11	10	15	2	10	9	0	10	8	4	12	10	14	12	9	9	10	10	9	12
5:50	11	11	9	10	11	11	8	13	11	10	10	11	10	12	9	10	9	10	12	9	12	12	11	14	12	10	9	9	9	11	10
5:55	11	10	14	11	11	10	11	12	9	10	10	13	10	13	11	10	9	10	13	9	13	13	12	15	12	10	10	11	11	11	10
6:00	10	10	16	10	9	10	9	14	10	10	9	14	9	15	10	11	10	10	17	9	12	12	11	15	12	10	9	10	9	10	10
6:05	16	11	21	15	17	16	15	22	11	16	16	17	15	19	15	12	15	14	19	14	17	16	14	18	17	15	14	14	14	11	15
6:10	20	11	26	21	22	21	20	26	8	19	19	19	21	22	15	11	19	11	27	18	18	21	15	31	22	19	19	18	20	12	19
6:15	20	7	25	12	14	16	15	18	5	19	19	18	19	25	11	11	19	10	26	19	13	20	15	32	21	20	18	19	18	13	19
6:20	21	4	26	12	25	18	17	24	5	23	18	17	19	20	17	13	19	16	26	18	19	20	14	32	21	22	19	28	22	13	21
6:25	20	12	27	22	27	19	19	25	12	27	18	18	19	20	17	11	18	15	26	18	20	21	16	33	22	20	19	31	28	23	21
6:30	11	10	19	13	13	14	18	21	10	25	17	18	15	19	16	14	17	14	24	17	19	19	14	33	20	20	15	35	21	19	26
6:35	10	12	17	11	11	10	11	15	11	12	12	14	9	16	11	96	10	9	16	11	16	17	13	32	12	12	9	24	14	17	29
6:40	14	10	23	11	11	10	10	15	10	9	11	10	10	10	12	96	9	4	15	9	12	11	13	29	12	9	9	9	16	19	24
6:45	20	12	23	10	11	10	10	14	10	11	12	11	9	11	12	96	10	1	17	10	13	12	14	27	11	10	10	9	14	16	27
6:50	25	17	22	11	11	10	10	14	12	11	11	10	10	12	11	13	9	1	11	9	12	13	13	32	12	9	9	10	13	13	12
6:55	23	19	23	11	11	11	9	13	14	12	10	11	10	10	10	14	10	2	15	10	12	12	14	28	13	10	10	9	10	11	10
7:00	21	18	17	10	11	11	10	12	15	15	10	11	10	10	11	13	11	1	10	9	13	13	16	25	12	11	10	10	10	11	10
7:05	36	19	24	24	24	25	21	25	17	29	24	23	24	20	23	17	22	14	27	23	26	25	19	37	26	23	24	22	23	15	22
7:10	44	19	24	24	25	26	24	17	16	29	28	26	24	23	24	16	23	17	26	25	27	26	18	39	27	24	26	23	25	17	24
7:15	40	19	22	26	28	25	26	17	17	30	32	32	33	24	25	19	24	14	26	26	27	26	17	38	26	24	26	28	25	14	24
7:20	30	18	22	26	28	26	26	30	16	25	31	31	33	25	26	20	24	14	26	25	26	26	19	39	26	24	24	27	25	6	24
7:25	27	17	23	23	28	38	24	30	17	24	31	31	30	30	22	20	28	22	26	34	27	25	17	45	27	23	25	27	26	15	30
7:30	26	7	25	34	29	39	17	15	10	24	30	31	31	32	17	20	28	33	24	33	28	26	25	42	26	24	25	27	25	17	30
7:35	25	25	25	34	30	34	40	14	10	22	25	29	28	30	16	19	27	29	27	40	27	24	22	43	25	24	25	25	25	13	26
7:40	21	31	18	55	28	35	51	19	9	23	23	26	22	31	37	19	31	12	35	26	26	25	26	38	26	24	23	23	25	8	27
7:45	21	32	16	36	23	19	41	14	26	25	23	25	18	37	23	17	28	12	30	23	33	26	26	30	26	24	22	24	25	33	30
7:50	25	30	15	16	48	19	30	13	19	23	24	24	25	39	14	15	28	12	29	23	41	25	22	29	25	24	22	26	38	12	27
7:55	35	14	41	14	47	15	14	14	7	35	23	24	33	38	12	16	22	12	31	24	55	29	19	28	25	25	21	25	40	8	28
8:00	18	10	30	14	36	16	13	14	6	33	21	25	34	39	14	16	26	13	30	23	47	29	14	35	26	24	20	22	57	8	20
8:05	13	16	15	23	26	24	22	22	16	29	29	26	19	39	24	19	26	22	27	30	28	28	11	31	26	27	25	35	38	8	18
8:10	13	16	14	25	24	23	22	21	16	31	37	23	13	31	23	18	16	20	25	30	25	28	10	25	29	27	24	41	14	10	30
8:15	15	13	13	23	25	25	21	22	17	32	36	28	14	31	24	8	19	21	24	28	24	27	9	27	31	29	17	28	13	8	35
8:20	15	19	15	24	26	25	22	24	16	35	34	39	13	32	24	8	30	21	25	29	24	26	8	27	29	27	15	19	14	7	25
8:25	18	24	18	22	25	25	23	24	15	19	14	37	12	23	24	8	37	24	29	30	23	24	9	17	30	28	28	19	13	11	25
8:30	23	25	14	23	25	21	22	22	14	31	31	26	18	23	23	18	27	26	37	32	24	30	9	15	28	21	31	17	13	6	20
8:35	23	17	14	22	24	21	20	23	14	44	32	15	12	34	23	26	23	26	42	31	23	36	10	15	24	35	17	19	13	6	20
8:40	20	13	13	23	24	19	20	21	15	30	20	29	14	36	21	17	21	25	33	27	21	39	16	15	23	35	14	20	14	10	20
8:45	14	13	10	21	20	18	19	19	15	36	12	29	11	34	19	8	19	24	21	28	20	28	7	11	22	40	10	17	11	6	17
8:50	13	14	14	20	23	24	21	20	15	16	15	26	17	12	20	14	23	26	12	46	22	13	10	14	38	25	14	21	15	5	16
8:55	13	16	12	19	23	22	21	20	15	13	11	19	12	15	20	16	23	26	15	39	21	13	9	15	31	11	11	14	12	9	21
9:00	14	15	12	18	20	19	19	19	13	11	10	10	11	11	22	16	21	24	12	46	19	15	8	12	31	14	10	10	12	6	20
9:05	28	16	19	20	21	19	20	19	14	19	18	18	21	11	20	14	20	18	20	35	20	19	14	19	23	18	20	20	19	14	25
9:10	35	16	18	20	22	20	21	20	15	20	18	18	19	11	20	14	21	20	19	25	20	18	17	18	22	17	20	18	22	13	24
9:15	37	16	22	20	21	19	19	25	16	20	19	18	23	12	19	14	19	18	19	18	20	27	14	19	20	17	19	18	23	13	25
9:20	35	13	22	20	22	30	21	35	16	20	23	20	25	15	22	14	21	20	20	19	20	25	15	22	20	19	22	19	21	13	20
9:25	19	11	20	27	24	39	23	34	15	20	22	20	27	17	28	14	20	21	26	18	22	25	15	21	18	24	22	19	20	14	18
9:30	19	11	20	28	21	39	22	33	16	22	21	20	27	18	31	14	22	19	27	23	24	20	12	23	22	25	18	18	19	12	19
9:35	22	18	22	35	25	37	20	32	14	23	21	21	25	30	32	15	21	19	26	28	21	18	14	24	30	26	19	20	21	15	20
9:40	21	20	21	37	28	41	29	40	30	22	19	22	25	24	32	15	23	19	25	33	23	22	14	24	29	25	19	20	20	13	18
9:45	18	29	20	47	41	47	34	41	36	25	21	21	22	20	34	19	23	20	20	31	27	20	16	25	23	19	20	16	21	16	31
9:50	19	24	22	48	40	44	46	37	34	19	26	20	26	19	33	14	22	21	20	25	26	19	16	24	22	20	20	21	21	24	25
9:55	15	23	19	44	40	45	47	42	35	20	28	15	24	19	34	15	22	21	23	20	36	19	16	20	21	26	21	16	16	27	45
10:00	21	24	21	36	45	45	46	39	33	12	23	12	21	12	34	15	23	24	24	21	42	22	15	25	19	25	19	14	19	27	44
10:05	46	24	35	39	47	43	44	39	30	19	16	25	24	10	31	13	26	23	23	18	41	26	19	24	18	26	20	10	37	36	22
10:10	45	27	45	36	43	38	38	34	25	35	32	37	35	11	35	14	25	23	23	17	40	25	17	24	19	24	21	21	52	40	24
10:15	32	17	50	40	52	36	38	35	31	41	39	36	34	20	46	13	20	22	23	20	40	25	19	23	20	25	19	44	45	42	36
10:20	22	17	50	41	50	36	38	36	32	31	34	23	18	22	46	17	21	23	24	25	40	25	16	26	19	23	20	49	33	38	33
10:25	24	17	31	39	41	34	38	38	29	20	25	30	15	26	39	16	20	23	41	19	46	26	14	31	14	24	30	29	33	28	32
10:30	24	17	22	24	38	28	42	39	24	18	28	27	15	29	41	24	20	20	41	18	53	27	20	25	17	23	34	27	30	24	26
10:35	30	18	22	47	34	24	39	35	23	17	33	23	20	35	38	27	28	21	23	22	48	26	23	22	27	23	35	25	32	43	22
10:40	25	18	23	47	35	22	32	31	22	20	33	23	13	45	35	27	36	22	16	25	44	30	24	23	33	22	39	20	30	35	21
10:45	24	8	22	34	33	43	44	31	32	14	29	25	13	24	36	24	34	19	12	17	51	29	22	35	22	19	49	20	32	41	22
10:50	32	4	31	23	31	46	52	31	41	14	27	27	13	22	31	24	35	19	9	17	42	25	18	34	14	18	45	20	30	37	24
10:55	33	13	53	23	30	26	48	30	35	22	23	24	18	31	29	27	33	19	10	17	39	27	16	30	11	19	43	22	27	16	25
11:00	32	27	42	25	26	11	35	37	16	23	23	26	11	22	24	26	32	19	10	17	30	34	12	21	14	22	38	20	21	16	22
11:05	32	29	52	22	25	11	21	29	20	22	31	37	20	25	18	25	33	22	12	22	30	29	13	24	20	21	31	31	29	23	20
11:10	35	21	46	21	37	13	24	34	17	22	34	35	21	24	16	25	31	34	9	15	30	34	13	41	19	19	32	30	34	23	20
11:15	37	17	34	22	40	12	24	20	19	27	34	37	21	22	17	25	34	36	10	16	32	26	13	34	19	18	31	37	30	24	19
11:20	35	17	34	22	23	12	22	25	7	28	33	36	21	22	16	23	50	30	12	20	31	22	29	39	19	19	46	34	30	28	19
11:25	33	19	33	19	11	11	22	31	6	27	33	34	23	25	15	21	47	18	13	16	29	30	25	25	20	40	50	33	29	31	18
11:30	30	19	33	10	11	12	22	30	8	29	32	35	20	22	15	24	58	18	13	17	26	34	30	20	19	37	51	33	30	27	19
11:35	31	19	32	10	21	10	17	11	6	27	33	35	23	22	15	24	58	17	11	40	19	34	18	19	19	40	48	32	31	25	17
11:40	30	17	33	11	20	10	16	9	5	26	33	34	22	25	30	35	51	21	11	48	11	34	15	19	32	36	30	35	31	19	19
11:45	20	18	33	11	12	12	10	9	5	24	32	27	21	24	40	39	46	21	11	35	11	32	15	19	33	29	30	33	31	16	20
11:50	17	18	33	11	13	14	10	10	7	24	33	19	20	27	49	43	40	25	11	26	29	31	15	21	33	30	33	33	30	15	19
11:55	17	22	22	12	10	11	12	10	8	24	32	18	20	21	40	42	30	27	11	25	31	30	14	21	33	29	33	27	20	14	19
12:00	18	17	20	11	10	12	11	11	11	24	33	19	20	25	10	25	25	25	11	23	25	30	15	22	33	29	33	18	19	13	20
12:05	16	21	21	12	11	12	12	10	8	24	21	18	20	28	11	25	21	13	11	23	17	31	16	21	33	29	32	17	20	11	22
12:10	14	26	19	13	13	13	12	10	7	23	18	18	22	27	12	19	43	17	11	22	14	31	17	21	33	29	20	16	18	13	27
12:15	16	28	21	16	16	19	16	13	10	31	20	21	22	23	14	17	48	40	15	26	21	33	17	25	33	29	19	18	18	13	30
12:20	12	18	18	12	14	15	13	12	7	24	20	18	20	16	11	18	36	14	12	25	15	36	18	22	35	32	18	16	16	11	41
12:25	12	19	27	12	26	14	12	12	7	23	27	29	19	17	10	22	26	10	11	27	13	34	16	21	32	31	21	20	27	14	37
12:30	11	20	27	11	25	14	12	12	9	18	27	31	22	19	9	15	18	9	19	29	11	34	16	21	31	31	17	27	29	18	41
12:35	17	25	26	18	19	18	19	19	15	19	28	32	26	23	17	23	21	22	29	33	18	46	15	21	32	32	16	24	25	27	40
12:40	18	26	27	19	20	17	20	21	16	17	26	33	26	21	17	26	20	29	29	36	17	44	13	22	41	35	18	27	28	30	26
12:45	18	27	18	18	20	17	20	26	13	19	26	28	28	25	17	25	19	29	29	35	18	46	14	21	39	45	16	24	19	24	25
12:50	18	26	18	18	20	17	18	26	12	21	26	26	35	24	19	13	17	26	30	34	19	44	14	22	38	36	16	18	20	29	27
12:55	20	17	18	18	19	17	18	27	12	25	26	27	36	24	19	13	17	26	30	36	20	40	13	36	41	29	16	19	24	23	26
13:00	25	15	23	17	17	18	18	26	12	25	26	26	34	23	20	14	17	25	30	33	21	33	26	33	36	25	16	24	24	20	25
13:05	25	20	31	18	19	18	18	26	12	25	25	26	36	21	19	14	17	25	30	33	22	35	29	35	31	21	20	25	26	19	21
13:10	26	26	31	21	20	18	19	27	12	26	26	26	31	18	19	12	17	24	32	33	22	21	27	34	32	17	22	25	26	26	25
13:15	28	26	31	27	20	22	17	33	13	27	26	27	27	17	18	12	18	23	35	32	20	19	26	28	29	16	22	24	26	27	18
13:20	30	19	31	31	19	27	19	26	15	26	25	27	27	18	23	11	20	24	37	30	21	18	25	24	20	16	23	25	25	26	21
13:25	25	13	34	29	24	30	22	28	22	25	28	27	27	19	26	12	22	23	38	22	21	20	25	24	20	16	25	25	29	25	22
13:30	20	16	36	23	23	31	20	23	23	27	31	26	26	23	31	11	27	24	41	21	20	21	26	23	28	17	26	30	30	27	20
13:35	19	16	30	19	24	22	15	17	15	27	31	24	26	19	29	12	25	22	40	22	25	18	24	26	27	16	31	30	19	24	12
13:40	19	9	21	23	24	21	18	16	15	24	29	25	23	15	20	16	19	18	34	22	24	20	27	33	26	17	32	20	19	20	10
13:45	25	16	25	27	28	25	20	17	15	30	26	18	28	18	19	17	17	18	30	15	16	20	28	33	34	17	33	17	20	14	12
13:50	26	16	31	29	26	28	26	16	16	34	27	18	19	17	17	23	18	21	34	15	12	19	29	32	39	17	36	18	25	12	19
13:55	26	14	33	28	26	25	25	17	20	43	20	30	18	17	19	24	17	22	38	23	16	17	27	32	24	18	39	23	25	12	19
14:00	30	15	32	26	31	24	25	16	20	36	22	35	17	17	25	18	19	20	39	22	19	21	26	29	24	17	36	24	27	15	18
14:05	27	22	32	28	28	25	25	23	22	46	18	42	17	18	31	15	23	20	37	21	19	28	20	30	24	20	34	24	22	22	20
14:10	26	17	26	27	25	25	25	25	20	27	18	17	19	18	25	17	26	26	37	20	18	30	20	23	24	23	28	23	27	19	9
14:15	23	13	24	26	25	26	32	25	19	19	18	12	22	17	25	17	26	26	36	19	19	32	23	19	23	24	24	28	21	18	13
14:20	25	11	30	22	25	25	26	25	19	20	18	13	16	18	22	19	24	28	39	24	19	29	25	19	29	25	24	17	17	16	22
14:25	19	12	19	29	27	23	27	26	20	20	26	17	12	19	20	20	25	29	32	28	25	32	16	27	33	30	25	19	19	23	36
14:30	19	9	18	19	26	27	25	25	20	18	35	17	16	18	18	22	24	38	32	26	33	31	13	26	27	32	25	17	18	19	38
14:35	18	10	18	19	41	19	27	25	17	19	36	18	15	18	27	20	24	36	30	27	27	28	11	26	24	26	24	19	20	12	35
14:40	18	16	20	20	42	18	25	23	23	18	32	18	11	18	25	19	23	36	30	29	26	27	17	25	21	25	22	20	20	11	24
14:45	20	13	20	20	46	18	24	25	13	18	18	18	10	18	25	15	24	37	29	29	40	27	15	26	18	25	16	20	22	13	20
14:50	21	13	21	20	33	17	27	25	13	18	18	17	9	19	25	13	23	37	20	28	38	39	12	31	11	24	13	20	20	15	21
14:55	20	13	19	20	24	18	25	26	13	18	19	18	13	21	26	13	19	36	17	26	48	43	13	27	10	25	10	19	19	8	19
15:00	20	12	18	18	17	19	31	26	15	18	18	20	18	21	27	12	18	42	19	25	47	45	11	23	9	25	11	19	19	4	9
15:05	19	11	20	18	16	20	30	27	15	18	21	20	18	22	27	10	18	31	21	27	31	35	12	19	9	25	12	20	19	4	12
15:10	19	9	21	17	17	21	19	26	15	18	21	23	18	22	27	12	20	31	22	26	27	27	12	18	16	26	11	13	18	4	12
15:15	18	10	10	17	17	19	17	22	12	17	21	25	17	22	26	13	26	31	21	26	28	26	11	18	17	27	12	11	26	6	12
15:20	18	27	10	17	19	18	17	26	10	17	19	25	17	20	23	15	29	30	20	27	29	23	12	19	16	23	15	13	35	4	37
15:25	18	22	10	18	20	18	19	18	10	18	26	23	17	20	23	12	28	31	17	27	27	24	11	18	17	18	16	18	35	4	37
15:30	20	26	10	18	20	17	19	17	9	24	20	30	19	20	22	6	27	32	16	25	28	19	12	21	18	16	16	22	30	5	30
15:35	21	17	11	18	20	20	19	16	10	24	11	38	18	19	28	6	26	31	17	29	28	19	13	22	17	17	15	26	13	13	10
15:40	21	9	11	20	22	18	17	16	9	25	15	32	19	19	27	11	33	31	16	21	26	18	15	20	17	16	15	27	13	15	9
15:45	18	10	9	20	21	20	10	16	9	27	16	28	21	20	17	14	28	30	16	19	31	22	16	19	18	17	16	30	16	12	9
15:50	17	13	29	20	20	20	10	17	9	27	29	26	21	22	14	11	18	32	16	20	24	23	11	20	17	29	16	18	37	15	9
15:55	17	14	32	20	13	20	11	18	11	31	37	32	16	22	19	15	18	38	18	19	24	13	6	19	18	30	16	19	33	23	9
16:00	17	8	15	20	16	23	31	19	12	25	28	25	11	21	10	7	17	37	20	19	22	13	5	17	17	20	16	20	11	31	9
16:05	18	8	10	22	19	23	32	19	16	25	15	23	13	22	29	8	16	37	20	19	22	13	5	25	18	17	16	19	10	11	9
16:10	18	8	10	24	38	22	34	20	10	29	15	13	28	19	30	8	40	28	20	21	24	19	10	26	21	18	16	17	12	5	13
16:15	17	14	12	21	34	23	29	19	17	27	16	10	30	19	14	8	41	23	23	21	22	22	9	28	18	20	17	26	11	2	15
16:20	28	10	11	25	16	23	29	17	18	27	16	11	12	29	17	8	29	24	21	21	32	21	9	27	16	17	18	19	13	2	16
16:25	28	8	10	33	17	24	16	19	18	30	16	9	14	32	18	9	16	15	18	19	37	18	6	13	11	16	17	18	12	3	18
16:30	32	8	15	27	17	28	10	19	15	31	15	10	15	29	10	9	16	11	21	19	39	18	8	11	14	17	18	18	11	3	15
16:35	30	8	14	27	28	29	11	18	2	27	16	10	10	23	10	96	16	20	26	21	41	17	12	13	35	19	22	35	9	3	15
16:40	33	8	15	19	24	31	9	16	2	27	16	9	11	20	10	96	14	20	27	36	31	17	11	11	34	16	29	32	10	4	16
16:45	34	7	14	19	15	27	14	26	1	23	16	10	17	18	11	96	9	21	22	39	21	18	7	12	22	11	30	37	9	8	14
16:50	16	8	10	20	15	22	16	31	3	22	14	10	16	18	12	96	10	22	18	48	22	17	14	13	21	10	28	30	13	8	16
16:55	9	7	10	25	11	28	9	29	5	15	10	10	15	18	7	12	9	21	20	43	21	17	14	15	19	16	17	21	14	7	17
17:00	9	8	10	26	10	27	12	34	1	12	11	10	12	29	8	6	9	21	18	28	22	11	17	24	19	19	9	21	10	14	15
17:05	10	18	19	25	18	17	18	31	2	24	19	19	19	30	21	14	22	19	24	28	26	20	18	21	18	11	13	21	18	17	20
17:10	9	17	19	26	19	14	18	30	1	18	20	19	20	27	7	15	22	16	26	20	30	22	12	20	18	9	18	22	14	10	20
17:15	10	16	18	18	19	25	18	23	2	19	13	19	20	25	8	12	22	24	24	20	28	24	12	21	19	9	12	14	12	10	16
17:20	11	16	18	11	21	27	18	10	2	4	10	19	18	10	9	11	14	27	21	24	27	27	12	20	9	9	13	11	14	10	5
17:25	13	17	19	19	20	25	10	11	2	2	9	18	11	12	9	16	24	20	18	26	28	24	12	23	11	9	18	9	13	10	2
17:30	10	16	19	17	21	23	8	3	2	2	9	18	9	9	8	12	12	10	1	23	25	23	12	20	14	8	20	9	13	9	1
17:35	12	17	24	3	19	17	9	4	3	2	10	18	9	3	9	10	10	10	3	15	21	16	12	22	14	9	17	9	14	13	2
17:40	12	18	14	5	12	17	9	5	12	5	9	23	16	4	8	15	9	15	4	18	24	18	17	21	22	13	12	14	14	17	5
17:45	12	25	19	2	9	16	15	4	3	5	18	19	10	6	18	15	19	10	3	12	23	17	15	20	14	9	23	21	24	17	4
17:50	19	32	25	14	23	24	20	13	8	14	24	26	40	11	21	21	26	22	15	17	24	24	20	33	28	23	29	20	27	21	14
17:55	3	17	9	1	9	12	8	1	12	3	10	23	26	2	8	18	10	10	1	15	23	12	14	13	15	9	19	10	13	16	1
18:00	1	17	9	1	10	2	9	1	2	8	10	28	9	1	8	11	10	9	1	12	20	14	11	12	12	9	1	8	14	12	0
18:05	2	16	11	2	11	2	9	3	2	5	10	31	11	2	9	15	10	11	2	13	19	19	11	14	10	7	2	10	14	13	2
18:10	2	20	9	3	14	2	10	2	2	3	12	31	11	3	10	12	11	11	4	10	19	13	10	13	9	8	2	10	15	26	2
18:15	2	20	16	2	18	3	15	3	2	3	12	22	10	3	9	17	11	10	8	12	19	16	10	24	17	12	4	10	14	25	3
18:20	2	24	16	6	9	1	13	2	3	2	13	25	8	3	9	15	10	9	6	13	17	12	10	26	18	19	3	9	16	18	2
18:25	3	18	14	7	15	4	13	2	9	1	24	27	8	2	8	13	8	9	7	20	19	11	13	23	15	20	7	8	14	22	1
18:30	5	17	10	5	14	11	22	2	9	1	15	26	10	1	7	11	11	10	3	18	18	10	19	24	18	20	7	10	12	25	1
18:35	10	19	10	7	17	3	26	10	10	10	21	26	12	11	10	10	18	15	2	18	19	11	21	24	10	20	8	23	12	22	1
18:40	11	9	11	2	19	7	22	11	10	11	5	26	14	9	9	11	17	16	4	17	18	10	18	29	12	19	8	39	1	23	2
18:45	11	8	10	2	27	10	25	9	10	12	12	25	17	11	10	16	18	15	11	17	19	12	18	33	9	18	11	34	1	24	2
18:50	11	8	9	3	30	21	10	9	12	10	12	23	19	10	25	19	17	15	12	20	16	12	21	33	9	19	11	38	2	20	8
18:55	13	9	24	3	27	15	7	8	12	14	12	21	19	10	30	18	14	16	14	18	27	11	13	33	10	18	10	31	12	18	5
19:00	34	11	33	3	22	2	7	15	11	23	12	20	14	8	29	17	10	14	25	20	31	12	12	33	8	18	14	26	16	18	1
19:05	25	10	15	3	21	3	19	23	13	25	12	26	15	20	29	16	10	14	15	21	27	12	12	24	12	20	14	30	20	21	2
19:10	20	3	16	11	20	3	19	2	20	15	14	24	17	11	30	16	9	15	18	17	29	11	13	24	11	19	18	30	18	17	1
19:15	7	5	22	31	20	5	19	3	16	3	14	15	15	10	22	13	7	17	30	28	21	11	12	24	6	26	23	23	16	15	2
19:20	3	9	25	6	33	4	13	3	11	4	18	14	15	15	20	10	15	27	36	31	24	11	12	24	16	28	21	21	20	23	2
19:25	2	21	24	18	17	4	14	8	9	6	26	16	10	15	19	10	19	26	28	23	26	19	12	31	21	25	13	19	31	28	1
19:30	10	21	19	23	14	4	13	15	22	15	20	19	14	16	28	9	3	17	28	21	24	19	12	36	13	27	12	19	18	42	2
19:35	12	6	16	33	18	19	14	5	26	7	26	28	11	15	29	10	2	12	12	5	26	19	12	16	1	27	12	22	25	41	1
19:40	11	2	19	21	28	30	13	1	24	1	25	29	31	24	13	9	7	18	13	5	29	18	12	14	1	19	13	18	14	11	3
19:45	12	4	20	11	19	13	12	1	23	5	12	26	24	36	12	10	11	18	12	4	32	19	18	15	4	18	12	14	12	13	7
19:50	11	2	18	12	12	13	12	6	9	12	12	19	26	22	14	11	13	18	12	3	26	18	22	14	4	18	12	11	14	12	12
19:55	12	2	17	11	17	14	12	14	1	12	12	9	26	19	12	17	12	12	12	4	28	12	15	9	3	17	13	12	12	8	13
20:00	12	1	11	12	18	15	12	18	1	12	15	4	12	13	12	21	12	0	12	3	29	12	7	5	2	30	12	12	12	8	12
20:05	32	6	29	32	37	41	30	40	10	33	33	19	24	32	29	6	27	16	34	23	38	23	8	19	23	41	22	26	28	11	33
20:10	32	7	32	35	30	37	27	33	20	34	32	21	23	34	30	13	30	14	31	22	40	21	19	27	23	27	21	27	27	10	32
20:15	28	16	29	34	40	39	33	32	19	35	28	25	20	34	34	26	41	13	24	24	40	26	30	31	28	24	18	31	31	21	36
20:20	20	18	14	23	23	34	12	23	17	23	13	14	14	25	18	24	19	2	10	17	32	26	26	18	2	6	16	17	13	27	24
20:25	22	18	19	22	14	28	12	21	9	21	13	8	6	31	18	24	19	3	11	11	25	20	31	16	1	7	8	16	13	24	20
20:30	24	12	23	22	15	28	13	22	10	21	12	8	3	25	17	2	18	3	9	12	25	15	12	19	1	8	8	14	13	17	21
20:35	22	3	12	26	18	28	12	25	12	21	12	12	2	21	12	2	12	2	8	11	25	9	9	14	1	8	8	14	12	7	21
20:40	19	3	18	26	28	28	15	30	9	20	12	19	1	27	13	7	14	2	9	12	24	18	9	12	1	12	8	13	13	9	20
20:45	22	3	22	25	46	25	19	23	10	20	12	6	2	32	12	7	13	3	8	13	25	24	10	12	1	11	16	16	12	7	21
20:50	26	6	32	27	17	22	19	20	10	20	11	1	1	36	15	7	13	3	8	15	29	18	4	13	1	6	18	20	12	9	21
20:55	26	2	29	25	12	23	15	28	8	26	4	2	1	32	14	10	13	7	9	22	24	4	5	18	1	5	14	21	13	10	21
21:00	26	4	12	26	17	22	17	32	9	27	3	1	1	21	17	8	13	11	8	11	24	3	3	15	1	2	18	4	12	7	20
21:05	28	12	22	29	27	24	32	36	10	28	12	10	9	23	25	10	20	5	11	18	33	12	15	31	9	11	12	11	22	14	23
21:10	28	9	21	24	30	22	28	35	9	28	14	9	9	21	19	9	27	18	8	13	31	10	12	29	9	9	8	11	22	14	22
21:15	29	13	19	21	12	22	22	22	9	27	13	8	8	22	14	9	32	2	10	11	32	10	13	26	8	8	7	13	20	12	20
21:20	27	20	22	20	11	22	32	21	10	26	12	10	8	23	18	9	23	4	10	12	35	11	17	25	9	12	10	22	16	12	25
21:25	25	9	14	24	10	23	34	21	9	29	14	9	8	22	16	9	30	2	9	11	34	13	21	31	8	21	7	16	10	12	21
21:30	24	9	10	21	13	23	11	20	8	29	9	9	8	20	40	9	26	3	9	12	33	18	18	19	8	10	8	15	10	12	20
21:35	27	10	10	21	13	15	10	21	9	26	9	12	10	14	27	13	35	13	8	12	29	19	13	25	12	26	8	14	10	13	24
21:40	26	10	13	17	10	12	12	20	11	28	10	13	15	11	15	11	40	11	8	12	31	18	16	25	9	12	7	8	14	13	24
21:45	29	11	12	14	11	14	12	21	15	27	9	14	15	10	10	14	22	11	9	12	21	17	11	11	9	20	7	8	12	13	27
21:50	31	10	10	16	11	16	11	21	17	29	9	14	14	12	9	14	18	10	8	13	20	17	13	11	9	25	1	6	11	13	24
21:55	22	10	15	19	11	16	11	22	18	31	11	11	11	19	12	12	19	10	9	15	21	17	12	11	9	8	5	17	10	16	24
22:00	14	9	17	16	11	16	11	25	19	33	9	25	7	18	8	7	18	14	8	13	23	15	15	10	11	8	17	16	17	16	26
22:05	14	10	18	14	11	12	13	27	18	28	11	23	17	17	9	13	22	28	11	12	21	13	8	14	15	8	19	6	17	23	26
22:10	14	10	11	10	16	13	11	33	21	23	10	3	35	20	6	23	18	16	11	13	22	19	18	10	21	9	19	3	17	18	23
22:15	21	9	15	13	16	22	11	26	16	12	16	1	37	18	16	21	17	6	11	20	23	17	30	11	19	8	2	1	12	27	20
22:20	14	14	14	9	15	21	15	19	14	10	16	3	21	20	18	19	19	8	14	26	26	20	25	6	23	10	10	2	9	25	21
22:25	11	15	22	8	15	19	16	15	14	9	15	1	19	18	15	10	18	7	13	24	22	17	32	3	30	8	13	1	16	25	20
22:30	9	15	20	4	13	18	14	13	14	10	11	1	15	16	8	17	19	6	12	27	27	16	24	11	27	7	12	2	15	25	20
22:35	10	15	9	18	14	17	16	20	22	12	20	2	12	12	11	18	13	7	13	28	29	11	15	19	24	9	13	2	1	9	24
22:40	1	14	1	21	14	19	9	16	22	11	1	2	11	9	10	26	10	11	10	28	27	15	15	19	20	18	14	3	1	5	24
22:45	16	18	1	14	8	16	9	12	23	6	1	4	13	7	11	10	11	14	9	28	24	18	16	9	32	19	17	2	3	5	43
22:50	18	20	2	13	9	28	10	9	30	21	1	5	14	8	10	8	10	13	9	28	19	14	15	9	33	18	16	3	2	9	55
22:55	18	20	1	12	8	31	9	20	26	16	3	3	13	5	11	9	14	14	9	28	20	11	15	9	28	12	15	1	2	9	36
23:00	18	28	2	8	8	15	15	21	12	28	2	1	14	4	12	9	10	8	9	25	20	16	16	9	14	12	16	0	2	18	52
23:05	12	33	10	8	16	20	27	16	18	13	16	14	20	23	18	13	10	19	14	30	23	25	29	22	27	17	24	14	12	19	47
23:10	14	28	3	4	15	19	14	17	13	13	15	11	11	20	9	9	7	17	11	28	21	26	26	19	22	14	20	9	14	15	47
23:15	6	21	4	3	14	13	11	9	15	6	16	9	12	11	6	10	1	15	9	37	23	27	26	18	23	16	28	9	13	15	20
23:20	8	22	6	4	16	22	9	10	21	2	17	12	11	11	6	9	2	15	13	25	20	12	31	15	22	10	12	8	6	14	24
23:25	10	23	10	2	17	22	10	1	20	5	14	15	12	24	5	19	1	21	11	20	22	12	31	13	23	11	13	14	4	13	18
23:30	4	21	10	2	19	9	10	4	15	13	14	14	7	12	5	21	1	17	31	18	25	12	30	12	20	10	12	15	1	14	6
23:35	9	21	10	1	13	4	8	8	27	4	9	15	6	12	6	20	1	11	17	16	21	12	29	12	20	8	12	14	1	15	2
23:40	12	21	9	1	11	4	10	3	17	8	9	14	12	11	5	20	1	15	13	34	19	11	29	12	20	9	18	15	6	14	2
23:45	11	30	6	1	9	1	13	2	13	9	9	15	18	12	5	19	1	20	14	38	23	18	27	13	20	8	19	15	13	13	4
23:50	10	33	21	1	10	1	14	2	13	12	13	15	23	11	5	19	1	28	14	35	20	22	30	11	20	9	19	14	11	14	3
23:55	9	30	21	1	7	1	12	3	14	12	15	14	15	11	8	26	1	15	7	39	29	21	30	11	20	8	19	16	24	20	6
